[[  0,  54,   0,   0,   0,   0],
        [  0,  52,   0,   0,   0,   0],
        [  0,  81,   0,   0,   0,   0],
        [  0,  64,   0,   0,  25,   0],
        [  0,  45,   0,   0,   0,   0],
        [  0,  95,   0,   0,   0,   0],
        [  0, 100,   0,   0,   0,   0],
        [  0,   4,   0,   0,  38,   0],
        [  0,  38,   0,   0,   0,   0],
        [  0,  53,   0,   0,  61,   0],
        [  0, 110,   0,   0,   0,   0],
        [  0,  71,   0,   0,  24,   0],
        [  0,  34,   0,   0,   0,   0],
        [  0,  30,   0,   0,   1,   0],
        [  0,   0,   0,   0,   0,   0],
        [  0,  48,   0,   0,  64,   0],
        [  0,  84,   0,   0,   0,   0],
        [  0,  62,   0,   0,   0,   0],
        [  0,  97,   0,   0,   0,   0],
        [  0,  71,   0,   0,   0,   0],
        [  0,  99,   0,   0, 108,   0],
        [  0,  51,   0,   0,   0,   0],
        [  0,  41,   0,   0, 127,   0],
        [  0,  38,   0,   0,   0,   0],
        [  0,   0,   0,   0,   0,   0],
        [  0,  63,   0,   0,  57,   0],
        [  0, 122,   0,   0,   6,   0],
        [  0,  63,   0,   0,   0,   0],
        [  0,  66,   0,   0,  74,   0],
        [  0,  72,   0,   0,   0,   0],
        [  0,  36,   0,   0,   0,   0],
        [  0,   0,   0,   0,   0,   0]]





        